FIRST RELEASE
m= 2008.84615384615 
std= 5.94435737614964 

LATEST RELEASE
m= 2019.42307692308 
std= 1.7927203222606 

AGE
m= 10.5769230769231 
std= 5.89354275065908 

