FIRST RELEASE
m= 2008.75 
std= 6.66458300771073 

LATEST RELEASE
m= 2019.42857142857 
std= 1.77281052085584 

AGE
m= 10.6785714285714 
std= 6.4236459673014 

